APLP-Small: 4096 115.841000 422.125125 45.617184 19
APLP-Medium: 8192 861.812000 6591.096638 674.680940 37
APLP-Large: 16384 7043.569000 113797.193301 11269.517859 79
MST-Small: 1024 3.83 5.153196 0.488671 7
MST-Medium: 2048 5.98 37.949200 2.731279 7
MST-Large: 4096 11.6 295.306596 19.498086 8
MAXRP-Small: 4096 122.5 428.875858 46.277714 19
MAXRP-Medium: 8192 965.8 3602.714347 367.037498 20
MAXRP-Large: 16384 8426.8 28750.730945 2864.944193 20
MINRP-Small: 4096 120.9 1825.136600 196.149895 80
MINRP-Medium: 8192 950.2 9023.937417 910.078086 50
MINRP-Large: 16384 8328.6 61812.944136 6109.262517 43
MCP-Small: 4096 121.2 74.165526 4.862532 2
MCP-Medium: 8192 949.4 569.945874 36.298276 2
MCP-Large: 16384 8310.1 4573.101467 284.096459 2
GTC-SMALL: 1024 1.07641 0.998413 0.144933 2
GTC-Medium: 4096 63.3934 64.851886 9.694368 4
GTC-Large: 8192 2040.19 581.707450 108.757993 6
APSP-Small: 4096 115.582000 463.154251 51.510827 21
APSP-Medium: 8192 890.891000 4092.278448 439.182111 24
APSP-Large: 16384 7091.900000 36341.401481 3861.860823 27
KNN-SMALL: 16777216 84.2284 12.5037 2.94868
KNN-Medium: 67108864 679.975 112.456 20.877
KNN-Large: 268435456 5527.2 915.049 154.419
