APLP-Small: 4194304 18.043000 64.463045 8.861662
APLP-Medium: 16777216 116.025000 1180.083394 126.548448
APLP-Medium-Large: 67108864 881.978000 18276.521998 1852.173486
APLP-Large: 268435456 7063.776000 301446.375494 29913.707709
