APLP-Small: 4096 47.66200 424.016150 14.589944 6 788.933554 14.351453
APLP-Medium: 8192 337.60000 6599.232227 123.272296 7 8216.723617 124.486366
APLP-Large: 16384 2563.13200 113063.234360 1079.382750 8 79252.966597 1181.142955
MST-Small: 1024 3.6 4.369245 0.497533 7 20.287340 0.429084
MST-Medium: 2048 5.53 35.006918 2.763678 7 111.106347 2.278374
MST-Large: 4096 11.0 294.153164 19.460406 8 1058.170560 19.425866
MAXRP-Small: 4096 120 429.474540 36.536281 15 1992.306752 36.507012
MAXRP-Medium: 8192 960 3589.991825 302.010204 17 19982.251540 303.132748
MAXRP-Large: 16384 8386 28823.973142 2169.040849 16 158461.641382 2378.501065
MINRP-Small: 4096 119 1828.937774 19.541578 8 1062.260466 19.484238
MINRP-Medium: 8192 943 9038.685284 141.897913 8 9376.982654 142.666760
MINRP-Large: 16384 8315 61865.923994 1071.061635 8 79245.517152 1182.779568
MCP-Small: 4096 120 71.614997 4.890947 2 265.111248 4.889035
MCP-Medium: 8192 947 561.761520 34.985367 2 2351.776554 35.361152
MCP-Large: 16384 8246 4567.026095 269.321517 2 19799.935536 298.556057
GTC-SMALL: 1024 1.00911 0.890494 0.133505 2 5.878612 0.124644
GTC-Medium: 4096 37.8513 61.504734 9.755117 4 534.681327 9.796958
GTC-Large: 8192 3272.42 571.743251 104.916942 6 7053.853446 106.620053
APSP-Small: 4096 41.04800 481.388814 12.320323 5 665.887811 12.317300
APSP-Medium: 8192 323.37400 4068.857767 88.686490 5 5889.967130 89.033372
APSP-Large: 16384 2578.16200 36201.983396 673.421999 5 49528.096592 738.771898
KNN-SMALL: 16777216  12.4774  132.416724 2.438582
KNN-Medium: 67108864  107.757  1172.929280 17.575229
KNN-Large: 268435456  908.437  9904.178336 148.497200
