APLP-Small: 4096 113.342000 425.288678 45.584702 19 1380.281475 25.190640
APLP-Medium: 8192 873.644000 6651.175304 655.719968 37 23825.338613 359.742315
APLP-Large: 16384 6943.349000 113223.072018 21078.450678 79 429630.760164 6442.011009
MST-Small: 1024 3.6 4.387093 0.465901 7 11.635162 0.245762
MST-Medium: 2048 5.58 32.442974 2.758584 7 61.315381 1.255134
MST-Large: 4096 11.1 289.954242 19.345184 8 581.276794 10.635746
MAXRP-Small: 4096 120.5 432.540022 46.229300 19 1390.147605 25.578728
MAXRP-Medium: 8192 962.8 3622.786793 354.740839 20 12904.099537 194.954032
MAXRP-Large: 16384 8371.6 28838.070873 5404.973731 20 108929.735238 1637.041125
MINRP-Small: 4096 119.1 1830.913906 194.557670 80 5863.928400 108.000138
MINRP-Medium: 8192 945 9039.870035 886.073470 50 32249.562821 486.659435
MINRP-Large: 16384 8286.5 61905.440831 11473.457267 43 234348.056821 3516.484450
MCP-Small: 4096 119.4 71.354699 4.861167 2 145.522763 2.676756
MCP-Medium: 8192 943.1 559.682293 34.993237 2 1288.099440 19.450659
MCP-Large: 16384 8273.1 4506.023643 531.342709 2 10900.481014 163.454484
GTC-SMALL: 1024  31.0654 0.890725 0.137993 2 3.202144 0.068317
GTC-Medium: 4096  575.735 64.322097 9.755146 4 291.341740 5.347688
GTC-Large: 8192  24427.9 572.558927 105.579065 6 3870.464158 58.586661
APSP-Small: 4096 41.32400 477.246901 26.970717 11 802.772335 14.751754
APSP-Medium: 8192 323.54500 4033.123222 159.718380 9 5807.160937 87.723800
APSP-Large: 16384 2574.84200 35964.762994 2429.338188 9 49044.275726 736.953229
KNN-SMALL: 16777216 83.2424 12.4978 2.9514 73.686526 1.352141
KNN-Medium: 67108864 670.012 108.474 20.6334 641.774073 9.684777
KNN-Large: 268435456 5469.62 907.903 257.533 5459.032215 82.920090
